-0.662345456143 -0.677204939768
0.86571602426 0.307455863481
0.59660016885 -0.00784555120981
0.84626859502 0.312930868996
0.50351549216 -0.250244677453
-0.590366335303 -0.194500121036
0.876992647999 -0.0312070980203
0.213910248041 0.948307986171
-0.652381043185 0.68168767916
0.462162392468 -0.215927833997
0.114645180602 -0.473623424142
-0.210322781553 -0.352671111765
0.0537282264653 -0.558765915673
-0.21316058272 0.884162476429
0.966790613912 -0.0996753918815
0.704420107798 -0.648692483531
-0.0691462116786 -0.564328309552
0.46629557731 -0.403050453335
-1.05985779709 0.218627129631
-0.207095499833 0.332044661025
0.0974550145883 0.979062186143
0.66775015322 -0.860403794579
0.743804406634 0.62504470949
-0.861071001017 -0.506603616432
-0.540508215716 0.1234430544
0.392822172045 0.139093822988
-0.462402652821 -0.15149702563
-0.140084523351 -0.869931626454
0.109501803063 0.558309443586
-0.0645580579331 -0.389509604019
0.258024383241 -0.257378277264
-0.824214363296 0.523412969927
-0.543620284957 0.0208550398177
0.184852680942 0.563985588029
-0.375379579711 -0.0355481980002
0.368657695931 -0.364655665855
-0.563334273377 -0.585313376318
0.0957594185299 -0.950114481929
-0.647428356757 -0.740550766526
-0.775370317644 0.301990669394
-0.524522372853 -0.240190326682
0.439419146629 -0.475928945543
0.564487249338 0.0921663817969
0.719958615946 -0.662454738721
-0.606489791878 0.755910399812
-0.377724377125 -0.861008778461
-0.469207612306 0.168916831694
0.942298187405 -0.345519793096
0.262176380626 0.236067014077
-0.410181790012 -0.408568801292
0.558805781708 0.323324818636
-0.466775426352 -0.244908128995
-0.0479992465335 -0.909527694972
0.0397104476705 -0.270559283679
-0.0999573019872 -0.814844269868
-0.0570688687787 -0.609102875485
0.873444953511 -0.379950058131
-0.426923274501 -0.891473447596
0.409737677788 0.0781824519084
-0.52335965121 0.0611095918864
-0.734676788441 -0.654475576443
0.870704084263 0.584326944027
-0.496953993055 0.166418450806
-0.369269044465 0.982231798469
-0.00234262850824 0.438674737176
-0.0616595813259 0.534743591014
-0.222716062159 -1.11849517945
-0.367851684598 -0.475351990629
-0.728917013685 -0.656772131374
-0.598316859827 0.088823844563
0.841119246064 0.025096034066
-1.06501686142 -0.627473656573
0.347722153988 0.0364025661774
-0.389321942426 0.331666777056
0.458177952092 0.817209105203
-0.121656496183 -0.918838962884
-0.0614624518462 0.49541329963
-0.0612859257087 1.08739277456
0.299218360782 0.898700337231
0.268609292441 -0.276844310306
0.378631570429 -0.248621291659
-0.901596439582 -0.38159872704
-0.593397651991 -0.644039964028
-0.874765854528 -0.703472860493
0.323334631712 0.391312332732
-0.335277037831 0.76137854629
0.2532446797 -0.246132167445
-0.470611544004 -0.881647643612
-0.114908342036 -0.992069583659
-0.976937029455 -0.0314313910852
0.249783266714 -0.985559141703
-0.0617319612779 -0.995230154474
-0.63140273841 0.46307005742
0.950722837616 0.332770526885
-0.284071365075 -0.204248874022
0.0107224078859 -0.648927114255
0.959574025039 -0.645213621476
-0.270911842219 0.934509235911
1.00316768329 0.305210873462
0.117905730714 0.561734426682
-0.305759324294 0.219094640355
0.249203213734 -0.507452890231
0.581226994252 0.892826644157
0.0994316728194 0.495806348312
-0.663372840253 -0.0576218244323
-0.0327295498778 0.693983828652
-0.933301964369 0.418535630757
-0.632907213388 -0.502745537982
0.212620479633 -0.954819730212
-0.541004128249 0.223916016317
-0.0026162097098 1.07497082499
0.923052173983 0.141008932212
0.946117693814 0.331749031331
0.654499231137 0.491177556187
-0.226698898357 -0.485680624782
0.0593020957938 0.439833479103
0.852206638942 0.190429323609
-0.185267015978 -0.302678873919
0.402115938226 0.351347049783
-0.121826484233 -1.02326808363
0.792092269235 0.444924077813
1.03208935624 -0.347326750421
-0.687771006309 -0.665453399223
-0.258824128047 -0.934538536271
-0.646327471451 -0.914322501679
-0.181096457627 0.536233199448
-0.975570952282 -0.305012574986
-1.06167575233 -0.227892184566
0.175254405118 -0.37329408918
-0.0554364031836 0.517003755764
0.704972402243 0.235438950399
0.138052532339 0.462998875329
-0.194948716697 0.994713050732
-0.198449078505 -0.505066777355
0.752629231272 -0.602244778711
-0.9139114173 0.63102714335
0.260467264164 0.979010932004
-0.729822467807 0.680662832516
-0.635437019086 0.289362574478
0.341298110464 -0.861761940022
-0.913374751842 0.385004078574
0.529875179195 -0.855174558205
0.0963036986652 0.436809210047
0.498541666483 0.0496433460737
0.0388811329071 0.955683298625
-1.1899413096 -0.0448064273052
0.0673295146967 -0.769620360561
-0.942009775911 0.389186018006
0.359002314164 -0.0953699138579
0.948908994711 0.0766879616092
-0.905310338807 0.725312703769
-0.490058267322 -0.343366847299
0.977144678243 0.316597807395
0.0925680868572 0.533942579622
0.600681450931 0.160497957358
-0.0419652587247 0.323917970876
0.542701522829 -0.146852362209
-0.992809057426 0.0273115644931
-0.0629750800928 0.439074834251
0.946461205183 -0.409293465509
-0.265187719238 -0.482392832483
0.874853875809 -0.474827977299
-0.193665319904 1.02947727097
-0.481964634209 -0.122301684656
0.252048262463 -0.354829246626
0.166211323686 0.324193716591
-0.616083605071 0.254099343398
0.427595765749 -0.33711356479
-0.760875494457 0.39205432221
0.995828841512 0.170828120783
-0.843919138053 -0.54551951398
0.555585361171 0.151970846593
0.303457349981 -0.224930014961
-0.131691058386 1.03365366087
-0.248130816812 0.335187657984
-0.920852557118 -0.474684644693
0.102567444117 0.731938879903
-0.552652608367 -0.988755999982
0.300227374697 -0.37667736988
0.664626835996 -0.605947032279
-0.921680678361 0.477732474248
-0.289287331832 0.773861662813
1.0258953788 -0.251161844352
1.14591978533 -0.0463177581115
0.268321876458 -0.999254802926
0.827118457847 0.592362748497
0.898835471899 -0.737717363608
0.808861249524 0.697178188923
-0.969867431526 -0.459535301428
0.553259136272 1.00035333221
-0.947522223234 0.429122173703
-0.421230505686 -0.304232372261
-0.401294654499 0.163709748216
-0.773081577308 -0.608739649657
0.190453687852 -0.33846919554
-0.347572963458 0.916622101144
-0.425190090668 0.124445285789
0.768619365087 0.505686877169
-0.690170794383 0.703460659356
-0.920899782427 0.64791158341
-0.920342700102 -0.195761740751
0.907922749538 0.231874755856
0.205511449826 0.530572912694
0.648040815697 0.724364291826
-0.0820745187103 0.296619498495
0.0903836440805 0.945111743888
0.387004698527 0.887534114384
-0.732585064617 -0.59544843569
0.218591769918 -0.958088485679
-0.139466552199 0.530053068521
0.554412543631 0.0557865183046
0.0466125856965 -1.00479389801
1.12132771188 0.0824483362846
0.503998971644 -0.0728282016195
-0.408996471928 -0.209491356097
-0.732675925385 -0.643799880201
-0.229804107005 -0.383229143717
0.355289552805 0.256671059599
0.442758560463 -0.805991141151
-0.433873897592 0.133761359099
0.248741214632 0.523366113647
0.481793342639 0.949969253026
0.916784863861 -0.206411556347
0.535792154063 -0.936288615177
-0.170135042482 -1.13556535802
-0.687574802411 -0.554629611662
0.514428448407 -0.149762416311
-0.359988132111 -0.16397525062
-1.01406567596 -0.307834912311
0.583083835255 0.713334260833
0.833085240115 -0.175896018271
0.210255744098 -0.458000376254
0.336743461212 -0.36574232552
0.954874770497 -0.461148324231
0.151327868643 -0.8850922045
0.205609602422 0.504982785632
-0.517912749913 -0.158343762974
0.486851638195 -0.0226919794342
-0.389483310184 1.09823116538
-0.472661943455 -0.141995178638
-0.0804060751589 0.487031330799
0.924306650497 0.377104997849
-0.245082946085 0.33864274673
0.0975156557253 -0.457800646165
0.718541977736 0.375671575404
-0.515617022957 -0.196400378561
-0.0716798670425 -0.469214111485
-0.273427704495 -0.949255910227
-0.277429509257 0.260767471753
-0.666951447161 0.65313142558
0.195658441493 -0.124175103965
0.906650629173 -0.542385224298
-0.33120243616 0.729910956527
-0.00719784947568 0.422302046956
-0.43324778964 0.468760466359
-0.139453829392 -0.590028075939
-0.167999290539 0.852831644769
0.414118545934 -0.242154319222
1.13856347043 -0.276949545553
-0.486104984621 0.207456680134
-0.989688361182 -0.718945487333
0.554690070283 -0.545079070349
0.226672001552 0.560896366055
-0.873944617627 0.596210449839
-0.335852971386 -0.180206356028
0.451658792684 -0.8038506303
0.102814967079 -0.501837403127
-0.0993992187984 0.506712042941
-0.911170916181 0.0478275621162
-0.27469620388 -0.136670552835
0.469640378777 -0.336703301797
0.689168445658 0.0487152713907
0.304518550696 -0.188652798846
0.635055198754 -0.344038938944
-0.34505699861 0.359010145167
-0.453910351931 -0.989382545856
-0.578489306588 -0.139303860885
0.0316028189802 0.905939771447
-0.843920299283 0.679787853718
0.35850499324 -0.432782885199
0.198753042941 -0.376455721464
0.394247752103 -0.211824488708
0.187556269441 -0.560852491726
-0.104136259217 0.448805317868
-0.375194504715 0.263470268116
1.08381882262 -0.518730025175
-0.194979564591 0.359339305932
-0.195056052024 -0.951118344361
-0.473722201424 0.00214001294985
-1.03437376974 0.298587461008
-0.256329578727 -0.271297344373
1.00336355658 -0.134001499939
0.875512912808 0.415627731694
-0.0624278548186 -1.02292144659
-0.523531064901 -0.109454972065
-0.203525111953 1.06545614919
-0.0146940557359 0.502489265982
-0.135401167498 0.441346388638
0.416562167349 -0.201528409061
-0.687816831439 -0.703038119107
0.508818993836 -0.834160044453
0.755095845091 -0.61330850155
-0.900913798287 0.410741126559
0.320414947858 0.891162854986
0.45993987688 -0.882535506013
-0.679675158369 -0.86004002404
1.01678867055 0.376754329986
-0.379574003532 0.253464319685
-0.587248465422 0.0387470702835
-1.08785672162 0.101515636916
0.464437292447 0.080324292742
-0.787437324766 -0.584529509663
0.33332940006 0.494987644038
0.865676547101 -0.491996071751
-0.851960221778 -0.369487417171
-0.487937435334 -0.282164464303
0.136607009975 0.474171580249
-0.433599374856 -0.139347123859
1.0080783288 0.564847147191
-0.250342262416 0.950528416544
-0.795999431209 0.451152311691
0.415199028876 0.273890984644
-0.58166073077 -0.233788368716
0.595521855369 -0.184586744135
0.920693475268 0.529520123961
-0.225913462348 0.495452443626
-0.106114352481 -1.0449315025
-0.312603291547 -0.902726135468
-0.365110985461 0.246815380719
-0.161431591776 0.226104444559
-1.02406456374 -0.0269314402134
0.31419383421 0.29829087853
-0.183243144736 -0.180042996852
0.758946811896 0.312455991556
-0.683465901028 0.854786502478
-0.208381960686 0.621757058332
0.435278472171 -0.267225316544
0.632823166905 0.909228658457
0.255034530229 -0.396319172486
-0.55035682734 0.246684374119
-0.809557313724 -0.551013233196
0.581975348723 0.84744426869
-0.0623006955169 1.21829797952
-0.290422903063 0.510592304078
0.198449194705 -0.558822197474
-0.395848828596 0.211885279983
-0.409791940359 0.29228935697
-0.0465579726192 -0.381495725545
0.0361251502572 -0.939117239627
0.200615858643 -0.522261360973
0.387405800507 0.169686244064
-0.120225737194 -0.620885453809
-0.566756793914 -0.977377631116
-0.691358457411 -0.0153597064415
0.257303629085 -0.413818700525
-0.145444214332 -0.526398593231
-0.200333169203 -0.507132836528
0.313820817225 -0.35138880924
-0.365263277366 -0.810003744458
0.54023502333 0.239310076101
0.314840740863 -0.880724862729
0.796438078219 0.230503582301
-0.0341200640604 -0.369517372855
-0.001543951811 -0.878157074266
0.775741504559 0.77671511488
0.288657204329 0.384975666873
-0.511421911179 -0.260501696474
-0.225958079528 -0.485947088112
0.848305540822 0.43637495293
-0.251408749196 0.359374393973
0.758769833415 0.625141740822
-0.580787641039 -0.779259464109
0.0541461834584 -0.518853215316
1.02149657357 -0.152099426342
0.0667992025479 -0.509912080809
-0.386779338443 0.815551056055
0.804710892149 -0.55547119159
0.935251373212 -0.194713772254
0.212795332591 -0.990531871108
0.0133341500902 0.988505191142
0.162513632732 0.929268274956
0.183969000621 -0.355324787111
-0.81814377047 0.29194934142
0.95122319722 0.110694868417
-0.171255478118 -0.876479764237
0.374185841886 -0.262816237957
-0.653406376618 -0.861563711035
-0.0900530095881 -1.02619180369
-0.453233769306 -0.153267919261
-0.970623229384 -0.0373655734947
0.232200041491 0.506396249595
-0.354219592402 -0.351345790742
0.2286855694 -0.183355334457
0.402461763773 0.408198930193
-0.603199731316 0.0403322008876
0.576311426908 -0.355212092961
0.887388497557 -0.677532898437
-0.154511266678 -0.412563569488
1.09491751619 0.0675215867635
-0.249013672842 0.445259010151
-0.521243889525 0.0499823104702
0.550163632003 -0.895184644021
0.203931965154 0.552459327313
-0.31546369672 0.228767990315
0.476019586099 -0.109055920036
-0.439311825413 0.179504453528
0.460990706301 -0.858575031531
-0.446690853366 0.0478907671367
0.141672183063 0.300850620234
0.640167010086 0.141281185425
-1.05952160866 -0.550585241826
-0.365111523102 -0.920418880683
-0.0837893817677 0.382683811666
-0.205024311398 -0.591360580422
-1.09511260777 -0.176369923005
0.0319937900345 -0.448696284174
-0.371421458358 0.0255561648199
-0.460459700311 -0.189321118893
0.432596356637 0.161829595534
0.512002320115 0.238549297916
0.428296082766 -0.229586106403
0.749858040507 -0.613859655357
0.707795068624 -0.770815106881
-0.500056026831 -0.12742196613
0.226851837776 0.417442315316
0.148379882004 -0.326342697525
0.542823849991 -0.714377838175
-0.452072107406 0.786604416263
1.03001110908 -0.35347897172
0.908577745376 -0.630451632524
0.458311397632 0.424607580803
-0.696951342968 -0.463486255201
0.402945484099 0.613305439756
-0.447640640514 0.861506060394
-0.987793200902 -0.442961363548
-0.313279720545 -0.272157124566
-0.599156055902 0.940738379398
-0.393731963046 0.172216411747
0.0534680665355 -0.51859829437
-0.583126725573 -0.953955491011
0.100991170905 -0.558876756966
-0.845534097366 -0.390468644006
-0.443976053385 -0.418717328009
0.364360954274 -0.203643545806
-0.278245322588 0.379959058612
0.0203758494437 -0.378866541714
-0.360134079133 -0.202580732635
-0.142175226839 -0.705234151915
-0.368543075718 -0.10189720954
-0.0731536509546 0.271920277087
-0.246488833055 -0.756171232268
-0.28849080522 0.395443917108
0.0104635275233 -0.993802838005
0.587115761633 -0.801819512319
0.71622578023 -0.747703144319
-0.446230961694 0.391243877919
-0.0862122660634 0.673738421023
0.512110495403 -0.135788122364
-1.07950316404 -0.324590551669
0.0163168957592 0.930579296069
-0.37231721777 0.917869611723
-0.026451713504 -0.320420615046
0.0141928559775 -0.544071225574
0.468036871513 -0.191378241275
-0.532374039527 0.0549067798828
0.248393559468 0.486816358808
0.801389907326 0.489867188966
0.162159773217 -0.561382693489
-0.0569381378892 -0.535795429006
0.601871453074 -0.758953044814
0.452315127775 0.258663909792
-0.00719106535049 0.389539297365
0.392365742313 0.0366733049554
0.161540955755 -0.951915329102
0.695258465024 0.703917799781
-0.772922614542 -0.691173225353
-0.422298124739 -0.246698933741
-0.442399898571 0.111258818051
0.871481905448 0.356915832384
-0.218972874282 -0.360674749588
-0.301461541789 0.620853381944
0.465093516648 -0.161936068036
-0.659320377978 0.666536821576
0.922999877316 -0.568655886931
0.851864625305 -0.483720451821
-0.626794532547 0.671946987805
-0.0286937376375 0.374069835396
-0.0613736428965 -0.960166245574
-0.994007378105 -0.0898860965575
-0.715805209666 0.735299499808
-0.339213022927 0.211910842347
-0.510021356765 -0.672430856872
0.658163071335 -0.0815301778783
-0.58460092544 -0.0021052756128
0.686430595148 -0.714832811054
-0.698351420279 0.731719934807
-0.415026018752 0.429758948285
0.328839172123 0.40428592571
-0.997809146535 -0.0385407960731
-0.680461208735 0.764358433831
-0.982953945745 -0.412075519476
-0.0591067203322 -0.5987972509
-0.900565097364 0.169257690085
-0.706599746625 -0.593838997443
-1.1290422175 0.18816242442
0.498961734084 -0.191933293556
0.511791963508 0.567569849213
-0.178293040685 -1.03796324398
-0.771567230992 0.387121168445
-0.599790342076 -0.111546085085
-0.0329738320284 0.978346579383
0.600281019845 0.0440146772171
-0.153967934939 0.488390923855
0.933723874948 0.549602722038
-0.551651392139 -0.932567234154
0.884792250326 0.0749809053038
0.0837454345057 0.502266741256
-0.398948049838 -0.853423395052
-0.424291960217 -0.292652108569
0.978475219453 -0.319092250196
0.1542277271 -0.521674541347
0.833680555262 0.332099787533
-0.297561188979 0.420628398691
0.320709037756 -0.383957984191
-0.870950754021 -0.328949505789
-0.157158794081 -1.02450827459
-0.0786883892977 1.03492260297
-0.870089922435 0.362797383905
-0.582663330964 -0.755532070127
0.285421362976 0.432470395767
-0.128579529514 -0.315898105071
-0.335336895305 -0.916941821068
0.493007631434 -0.165161426136
-1.10190035552 -0.320737137175
0.407053006462 -1.00485595417
-0.289555209063 0.317499186847
0.23616041015 -0.988249997287
-0.0615159353328 -1.07869347934
0.396958757871 0.309107213589
-0.673124901149 -0.832473795573
-0.357423658611 -0.385085171889
0.440131364179 0.761893740114
1.07829711829 0.125492549922
-0.550827004981 0.180616979337
0.186628030342 -0.235148483561
-0.695130072707 -0.685220011961
-0.0618301497643 -1.04861279912
-0.227003406412 0.258116617084
0.559570384197 0.267517249711
-0.372074545714 -0.346614796482
0.754613684807 0.698071334902
0.768939652191 0.491021175546
-0.60478058714 -0.00399836030183
-0.018945780251 0.522063705763
-0.984062876525 -0.226253050745
0.162887537451 0.803225385479
-0.37526834619 0.33392805135
0.158432251634 -0.59744816647
-1.01704363896 0.252116244277
-0.0340459198279 1.2320797504
-0.538242842103 -0.0916598782759
-1.07642794257 0.145260403409
0.742786738051 0.940077541251
0.661410717173 -0.265825085619
-0.463049010554 0.766704757787
-0.0829296028323 0.677268175288
-0.946290686023 0.35193035833
0.00467194655321 0.383225575699
-1.07916057943 -0.0542551656889
-1.14411273849 0.278458894289
-0.675568252609 0.80356243828
-0.900542215156 0.151598383062
-0.477777838895 -0.148720962556
-0.472042322286 0.383864561631
0.292143130462 -0.342433856997
0.884441900013 -0.311971623588
0.456897582266 -0.41838116335
1.06065511325 0.0331137146736
0.787277952956 0.404564586612
0.384753241892 -0.308332071737
-0.407248798182 -0.610302272364
0.591968867831 0.127076254049
-1.00534792497 -0.0111046779229
0.472202895332 0.239442697673
0.578885933199 -0.190316187009
0.165765025011 -0.490877496212
0.874311434859 -0.183871244967
0.795229995267 -0.630984379539
0.712217120574 0.689864365668
-0.41169221339 -0.451371420967
0.0593168011161 -0.461471720947
-0.00944975306309 1.01253352705
0.127415318234 1.04114228147
0.132851072028 -0.49358912466
0.439858020938 -0.270127607578
0.882910984673 -0.327108183469
0.404472121548 0.150721823643
-0.158983085173 -0.981620529765
0.998548346665 -0.0389205080831
0.811154445 0.594169003541
-0.482989245453 0.106868604284
-0.849525750583 -0.314145096425
-0.822800979775 0.856683629592
0.216345710434 -0.949034666555
-0.765064312238 -0.119431716408
0.153935765241 -0.429388524864
0.469971003249 0.957939993613
-0.703072215385 0.814057532618
0.461639495854 0.113676361686
-0.274333095478 -0.375818884311
0.728068442917 0.772366028921
0.292262249855 0.178985901958
0.133389142312 -0.276570098839
-0.16541922226 0.360518305629
-0.59367145146 -0.389417280171
0.547152633263 -0.0437477793797
-0.728886786556 0.699676277211
-0.696749736548 0.787634149768
0.463938369191 -0.123822751983
0.924728608207 -0.510561525302
-0.155585169959 -0.493047034367
0.579289163597 0.0113561275915
-0.637381466247 -0.440964505334
0.0325947940194 0.45328095532
-0.930363892371 0.113099027948
0.347177456544 -0.869687466468
-0.539610806653 1.03059823357
0.101333453652 -0.493752097056
0.980947315675 -0.375357979062
-0.127253607703 -0.642511631239
-0.0922085892342 0.564165701672
-0.486866329856 0.336249042772
0.411297733855 0.165780163963
-0.891780751599 -0.0403013835693
-0.44344304596 -0.547367308069
0.725628415336 0.82718365027
-0.415915776278 -0.481983158083
-0.215058664805 -0.444633057532
0.727221343871 -0.433153727305
-0.470088751897 -0.159205164982
-0.459567012147 -0.975737864532
0.702700119831 -0.715064663842
-0.480208428141 0.0131887210071
-0.0581027899617 -0.539215861548
0.218742184768 0.344605609826
0.139006670975 0.637591515601
-0.943271180573 0.0787885378859
0.527084528089 0.0354683686822
-1.03165942599 -0.170850828075
-0.254865230894 1.09415960058
0.9178961999 0.47786767558
-0.390250001773 -0.501824386447
0.425947549299 0.378730707324
-0.689893641831 0.701682181768
-0.0842380805559 -0.468798014957
0.519991528942 -0.0168270238329
-0.422300719793 -0.245645548305
-0.39025916977 0.430796057965
0.477577569497 0.200481407958
-0.255544206433 -0.841427793027
-0.793802130255 -0.76568369963
-0.471555421816 -0.225112951081
-0.224980739168 -0.40653867586
0.216711710339 -0.268988244943
-0.316408414583 -0.607187102222
0.0907512830222 1.09577914855
0.472462059338 0.0617132007938
1.03053364752 0.0307816030379
0.0618984202159 -0.603341637868
-0.952399757513 0.547145690385
-0.22327095627 1.09226247805
-0.0729667534797 0.531588184117
0.065357533326 -0.347098759214
-0.0688672476005 0.530786714289
-0.253171111963 0.586971038259
-0.25383943981 -1.02060912567
-0.533316984416 0.964693672254
0.949595771487 0.417300937961
0.681433674099 -0.664487876416
-0.425106185533 -0.134417836334
-0.394140841839 0.74961443875
0.251727638919 0.52882908829
-0.133640731819 0.47674410653
-0.18853964495 0.515505073837
-0.00504940881263 -0.446122652839
-0.265599562242 0.340263337251
-0.513434322498 0.802248115207
0.70277230183 0.7117490822
0.88672553332 0.219757120087
0.365367211445 -0.140039738893
0.192746321933 0.427674067152
0.44190364483 0.254374380151
-0.385541487183 0.291859356692
0.250668324102 0.3648327631
0.509933573475 -0.219720848253
-0.109656872227 -0.953934986833
-0.262575526711 0.253738172505
-0.421693609818 -0.23613731744
-0.34424584782 -1.0250546806
0.577968706554 -0.923324385018
-0.598472067046 -0.725337849059
0.460862318596 -0.192575103381
-0.276881001587 0.496265459945
0.969110721076 -0.0979396238891
0.488373122144 0.133897042669
0.461853297087 -0.006099257595
-0.560316910023 0.164488960502
-0.843380351082 -0.0448427932602
0.039384153463 0.344679643861
-0.266794176407 0.775018483943
-1.00996395213 -0.331827179343
-0.124130575539 0.893435164592
0.655032439224 0.54247956863
-0.107234467366 1.0741544936
-0.602462570299 -0.769745493788
0.377886352048 0.190480195665
0.361051583952 1.20595784877
0.303630690696 0.166516914653
-0.908123952999 0.504968204973
-0.293045630828 -0.350869998169
0.186805458233 0.215289466829
-0.790722301719 -0.613720097232
0.379055257849 0.818141601162
-0.253628886353 -0.392258876337
-0.281097628113 -0.108123284837
-0.31770340319 -0.138801778017
-0.415302958956 0.406505138083
-0.200723893721 -0.590151906384
1.03609040079 -0.0667537526884
0.444872955968 -1.10437103185
0.328573373274 0.361804754293
-0.0358755017651 -0.53962955873
0.768923484999 0.631776722737
0.306259782542 1.19082521484
-0.535478081193 0.205456243011
-0.540787373647 -0.193016653402
-0.382394259624 -0.337423997035
0.406645998139 0.984932807217
-0.464991589919 0.16085366072
0.552699549849 0.0624084601268
-0.94337143018 -0.0768019319218
0.3907731654 0.750358824941
-0.0643945585434 0.446670115837
-0.855030046915 -0.445669247465
-0.228223440661 0.139507992449
0.122095998874 0.495115105964
-1.15072163369 -0.312465262126
0.594443285572 0.0333287696119
0.383558281548 -0.367208899823
0.223253380427 0.662780419714
-0.00746954598551 0.545502228934
-0.818404252552 0.140305321253
0.648977097632 0.85789393493
0.490567474563 -0.764916042758
0.183185291448 -0.906515092448
1.06016424371 0.305724442818
-0.716747961322 -0.760131517915
0.299512764094 0.925762665218
0.35304159587 -0.545403808048
0.315747302563 0.917183514222
-0.0229126811584 -1.15911777137
0.2659449259 0.499595121631
0.123287987723 0.650394284813
-0.42509532801 -0.861884811757
-0.388108096182 0.159550136608
-0.330907635005 -0.493412315206
-0.409420440133 0.911807633978
-0.323080356934 0.483510769124
-0.542723148918 0.882727489905
0.0733191577377 -0.441257257678
-0.645359288646 0.068673819421
-0.332638853716 0.513648372468
0.728015059361 -0.862235520623
0.318107363021 -1.16268218109
0.26376150042 0.50632594179
-0.536642011515 -0.210011509554
0.751469979127 0.531085211313
0.333529026717 -0.485609314729
0.152838036744 0.907474854405
-0.251684583765 0.918362799824
-0.0508109507278 0.82431558902
-0.365712355771 -0.433166716481
-0.125195480238 0.461775545792
-0.127922152595 0.514466769806
-0.311114455425 -1.11111009336
0.952622505587 -0.60990763662
0.0112767731226 0.36861756846
-0.37730315026 0.244291408853
-0.533525754 0.191833377896
0.421590010483 0.0776953934987
-0.935060080639 0.00613860823965
-0.176066948013 -0.43603813173
0.293240897453 -0.616585365945
-1.00793514719 0.329616184403
0.341160585785 0.393646771113
-0.530049870805 0.87836555356
0.967366155647 -0.0514063654586
-0.491696036878 1.03349256178
0.5369926827 0.0290608066666
0.906847289418 0.409396741121
0.504609843472 -0.0189430532717
-0.00869738314554 -1.04365113454
0.501287549782 0.923390306217
0.682978119472 0.109908574589
0.573793008085 -0.62498270215
-0.355898618704 0.291780251624
0.865227831621 -0.385903252849
0.766732442481 0.57641178741
-0.565201167478 -0.0280338454275
-0.59222610022 -0.815279395751
0.346127668282 0.0439378612574
-0.0441154950156 0.461611453726
0.754862395114 -0.649835934292
0.986176586815 0.164599546305
-0.33652662978 0.891433856554
1.15111853835 0.492892738896
0.173876415707 0.757384235618
-0.691129624105 -0.513781998798
1.02374859955 -0.0755631444614
0.520979479139 0.279976546395
-0.186744192539 -0.604848985349
-0.515257153966 0.0339222640118
0.341133954014 0.335594692065
-0.7986645907 0.679800340506
-0.371966231131 0.400214883816
-0.0264381287508 1.08882754231
0.965762236611 -0.490211705554
0.684653403391 -0.790354093269
0.143724773 -0.576733722627
-0.795982110333 0.70609976626
0.485237384001 -0.192074105071
-0.207530391159 -0.336848114173
0.531998392122 0.160022290519
-0.0560717303232 -0.476693233562
-0.292539532858 -0.590484352479
-0.0225740591126 0.455973183209
0.716376762801 -0.692526787524
0.313200827913 -0.343988275649
0.625192039178 0.241338884438
-0.145525136681 0.844353812756
-1.07616635796 0.342046299442
-0.818258897021 0.666885561806
-0.13071986531 0.97036629482
0.413186817754 -0.0502429737051
-0.783137914371 0.61014875647
-1.04838510376 -0.096143505516
0.166876024521 0.897062394804
-0.868311427246 -0.348024450709
-0.356729772359 0.980983229722
0.351347345349 -0.894376893294
1.09386505698 0.354286623687
-0.401252996981 -0.733709177902
-0.509211644008 0.0736727707358
0.718473458136 0.52510531081
0.630815395269 0.733375441487
-0.383320464314 -0.177639044007
-0.914125203475 -0.202198249975
0.3964795228 0.368240624582
1.06218433366 -0.0290473639629
-1.01417363572 0.0204741416876
-0.481017073385 0.712893478888
-0.284204646469 -0.26846118379
-0.161347669285 0.418317416528
-0.782455147217 0.641078018699
-0.0286226949778 -0.443012900482
0.488696754744 -0.30503044477
-1.01962608447 -0.401461630849
0.465505692243 -0.216283561924
-0.0269990743466 0.4853046684
1.02990762613 0.319123930192
-0.214306403903 1.00831160957
-0.18981478009 -0.914454069991
0.234628166838 -0.524839050038
-0.637669284996 -0.934614809646
0.199165324585 -0.909458086824
0.587379506464 0.704608894806
-0.509803725609 -0.829412359452
-0.629133028211 0.725382720669
-0.314948959509 -0.295600649621
0.27176408199 0.26535510888
0.776979245346 0.543866194895
0.0825776975268 -0.867987845274
0.118596133996 1.03100721775
-0.425485618428 0.0154288098496
0.393330914957 -0.439527250305
-0.445439630394 -0.898717064476
0.566145120191 0.716941981537
-0.737334700887 0.549714795564
0.902008332267 0.646071368031
0.841829890864 0.346250390814
-0.539318133161 0.113842566114
0.543415351314 0.0967794703011
0.408678466113 0.0834125190316
-0.145427894684 -0.326299746203
-0.218389310526 0.263895208692
0.4457619928 -0.367142819632
-1.01155333057 0.445362333178
0.29071214804 -1.01590197901
0.638606873005 -0.603188371949
0.0562370800158 -0.901959628848
0.241929562015 0.448575656915
0.367207967996 -0.497023593814
0.68137357178 -0.230145170189
-1.02295972031 -0.353528401885
0.706656728676 -0.89209186801
0.601716516957 0.0871857250765
0.412048906528 -0.286366525567
-0.234886744247 -0.563446189144
-0.698605963992 0.753502627403
0.118345706485 -0.515188206582
0.211538401963 0.110600010106
0.457617910135 -0.939075979281
-0.427160148188 -0.870810979065
0.231247363064 1.13641186279
-0.966533087405 0.237536708404
0.351230628003 -0.283965766439
-0.665286399177 -0.847618085463
0.935499541405 0.453603879253
1.02126886841 -0.147490372467
0.548639538854 0.824186077362
0.610233642395 0.0954690794339
-0.662120912697 -0.669315582889
-0.13510242034 -0.479435902287
0.168798682128 0.499061340676
0.127745379019 -0.45559152526
-0.0575298803758 0.298382510072
-0.879926037492 -0.46915542361
-0.0161713073904 1.06608918105
-0.026400010391 -0.972038701302
-0.231744264845 -0.282295459036
-0.883041003604 -0.392408317282
-0.885174863584 0.398648214451
0.547343098229 -0.778301367358
0.867174900064 -0.617896558078
-0.970674277674 0.308245805369
-0.619020265385 -0.648995088672
-0.151669416521 0.317881027062
1.14306372169 0.213485921498
0.110485426863 0.538458486839
-0.424252169104 0.0166020203613
-0.463879233115 0.011925716355
0.384732035076 -0.0680143645359
0.367031160908 -0.494962303451
-0.429668143738 0.247093226094
0.396043979524 -0.448292944406
-1.04842951778 0.157916393521
-0.808122477202 -0.747257792757
-0.931665497774 0.579337936834
0.403468147002 0.157930734845
0.114276990092 -0.558976802717
-0.866253297581 -0.51420253905
0.122874388488 0.863288321469
0.986305141998 -0.476670186916
0.449893064341 -0.104013382659
0.581221306174 0.939643523893
0.48809684771 0.346445926762
-0.195535490989 -0.318820444791
-0.43071047998 -0.361015402392
0.466265630995 0.321088188762
0.695690314286 0.664053923564
0.0716081932313 0.484244061826
-0.287773793698 -0.263711492472
-1.03641618303 0.35083325126
-0.87468433344 -0.194449933922
-0.316413347014 -0.343214215486
-1.03573791466 -0.125638398308
-0.982535019741 -0.0764360752023
0.277166338648 0.59789436872
-0.0128531166776 -0.564353114633
0.649226711055 0.911143927161
-0.199190447576 -0.620569282087
-0.472698271904 0.0183172879979
-0.164870455078 1.11864872389
-0.0355657797774 -0.383304213247
0.903812283754 0.216542668121
-0.203095400906 -0.311270171228
0.571097520964 0.0135065820509
-1.13957066241 -0.078231430492
-0.580646236056 0.744575220082
-0.45841030728 0.788287407095
-0.547869488745 0.189131766471
0.861764759844 0.349893279679
0.214080262024 -0.929159662393
0.68271535147 -0.516747612135
-0.403809705283 -0.826175148206
0.290479005679 -0.370355862742
0.534595559231 -0.0772457948707
-0.634075473319 0.0973526055599
-0.361510221065 0.511985777284
-0.38231110178 -0.319230965548
0.613374030918 0.873853703278
-0.365926203259 0.362783745581
-0.909184040334 -0.0153061496887
0.162457164938 0.619583397878
0.558443010622 -0.833668758067
-0.284984670947 0.365524674533
0.362720607298 -0.909400719096
0.0134526673313 -0.37368918348
-0.477739334352 0.462409432998
0.441767694511 -0.876220568461
0.447906840746 0.307562470554
0.191805712684 0.361799804546
0.952829055358 -0.663636918931
0.28135853843 -1.04006208745
-0.489333839319 0.278576747161
1.08224797226 -0.183763531027
0.125009640409 0.90622352804
1.05925139355 -0.777601143979
-0.510541370791 0.856836268557
0.839126994289 -0.486489269273
-0.352081472458 -0.097900557429
-0.319731570295 0.222050511289
-0.401335692493 -0.478082862662
0.218162359419 0.561941025352
0.965677460178 -0.30063901643
0.478180799765 -0.102363129223
-0.908690439579 0.578322775855
0.343868836716 0.97093498085
0.0785246769364 -0.566426820434
0.205993410151 1.02767014142
-0.20123600036 -0.312809479599
0.407584358197 -1.04752292337
0.270743428839 1.06866238735
0.42048304321 0.87228282005
-0.37864121924 0.449626143346
0.392933666413 0.278016296739
0.298046775286 0.084108115937
0.546968328095 -1.11993351993
0.585194262262 -0.167055926647
-0.211736943784 -0.379320843634
-0.89111536042 -0.348773039976
0.774633284331 0.764536236516
1.00608368949 -0.102152666672
-1.02737768972 0.192481988855
-0.398109261919 -0.38149715885
0.429590919936 0.312071721299
0.428297601638 0.318253012487
0.4469365139 0.082280553349
-0.142684423535 0.613974408899
0.0281897468775 -0.632207018697
0.436683186659 -0.472112797388
0.382355713912 -0.195833434429
-0.371935661543 0.190662737622
0.752094783387 -0.661269344129
0.511449661075 0.781703181272
0.504784852424 0.202132762902
-0.0845621053263 0.537127699575
0.376519620268 -0.212565566716
-0.724054406529 -0.618741940718
-0.472945784855 0.286103148253
0.218571257698 -0.893756862408
-0.406200367936 0.178041976027
-0.447072920015 0.191378400571
-0.469988555771 -0.781849009831
0.828200007797 -0.363312342837
-0.967509713395 -0.0308030362733
-0.0943456412491 0.726935950932
-0.50357043805 -0.313944884341
-0.785839843382 -0.123885567303
-0.829837871793 -0.275920213496
-0.443533123349 -0.331607304347
0.042281274133 1.00048398197
0.907025133832 -0.475935584897
0.330700034179 0.152515209967
-0.859453639348 -0.597824812981
0.53358416552 0.000280583312958
-0.129075951969 -0.431756040434
1.0566571894 -0.0653908756729
-0.504235779529 0.631972088607
-0.429818440825 0.206471785937
-0.566061709992 0.0664127270723
0.620360383047 -0.706959329164
0.889899666082 -0.150942549463
-0.789729020118 -0.974659114032
0.953028169753 -0.637759075091
0.985218196907 0.0046473573836
-0.140865872524 0.614801074929
-0.513849154121 -0.17303978365
-0.480052088128 -0.200343463072
-1.04615812183 0.435775569091
0.511304563708 1.01482035224
-0.168993438018 0.835317414288
0.333131411897 0.224576454291
-0.520815764108 1.09513131883
0.59564552746 -0.0310828731257
-0.346406286845 -0.193025538487
0.276195652372 -0.59924766946
-0.584813448058 -0.210918270077
-0.0372413442751 -0.413709909446
-1.03594375175 -0.0238082953555
-0.523257772488 0.858849368801
0.907119693572 -0.12664657282
0.984354231844 0.318895231599
0.412615474997 0.45249271888
0.275797363831 -0.350101721809
0.866733284599 -0.416457556872
-0.590029478814 -0.241450762462
0.969154721109 0.106462027641
0.490360681251 0.968583001234
0.460831025845 0.335154866734
-0.90718355783 0.243485691721
-0.715589433752 0.590306132892
0.946185882373 -0.331532204777
-0.169998449783 0.335504041067
-0.0304712427354 -0.443496501108
-0.986040284896 0.0420033546842
-0.261220406931 -0.476169814986
-0.347857462815 0.900794692362
-0.93531261204 0.278715832415
-0.116671642726 -0.432557231271
0.289887898739 -1.14505229158
-0.753492781848 -0.660381786958
0.678019422594 0.533888870996
0.040445566415 0.403047819587
-0.529546659022 0.830105625223
0.71274737704 -0.828232522763
0.506295839217 0.794645880992
0.398162320801 -0.0739534100453
0.409108147509 -0.42320561556
0.16386653148 -0.924720617533
0.528046991384 0.989171819629
-0.29128975896 0.578988568856
-0.398068013423 -0.298227010863
0.231687713878 0.329252413776
1.09347335527 -0.213538929405
0.498304656476 0.827888699408
-0.234654217495 0.195539073962
-0.292114275033 -0.341505179904
0.971269545099 0.0908385771551
-0.470386922051 -0.943776693851
0.318579214683 0.435428849733
-0.0446922888709 0.261117157766
0.685509063015 -0.815639384623
0.0448675629778 0.154750856525
-0.280759753221 -0.268175223203
-1.04313683559 -0.236238896636
0.474456190253 -0.0598254515694
-1.16563993548 0.236620437615
0.369713261378 0.932855518593
-1.09023615245 0.339340792951
-0.961949463593 0.623627419228
0.0913530982877 -0.354812373054
0.312047270802 -0.985584332054
-0.474466524859 -0.389428012061
-0.618998364741 0.737864573
-0.149214475703 -0.437020586392
0.430098752507 -0.119620686034
-0.671172943208 0.206107424075
-1.05182436138 -0.262929896698
-0.691300565099 -0.79881112814
-0.340729901259 -0.907254424558
-0.122621582876 -1.03782215623
-0.134787415299 0.474314729717
-0.0346651064377 0.455885714868
-0.293066162825 -0.0451962755603
-0.00255437269914 -1.16980148632
0.135682356638 -0.558007699981
-0.363139697149 -0.321264324954
-0.585317318181 -0.066440747589
-0.0212781850103 0.536863047846
0.232175947574 0.861505344869
-1.0161975275 0.30970024395
0.931443825972 0.429450390216
-0.430581051019 0.111144181161
0.387226529544 -0.313218839551
0.387496825187 -0.299068554917
-0.798937335272 -0.74338433659
0.224758057022 0.481924918639
-0.394108259855 -0.298665568406
0.100757975696 -0.429404083049
0.192696937631 -0.492134224988
-0.930251315787 -0.444260603642
0.457181833185 -0.0259135534271
0.229349311754 0.238236958718
0.340091714048 -0.400072308756
0.438458611488 0.341412836358
-0.406069255645 0.345448695401
0.358289286915 -0.862517426161
-0.0238309863373 0.494963646984
-0.933735246926 0.211125495706
-0.380872467751 -0.497559677549
-0.240549943093 0.256832497574
-0.514209886887 0.00951127724862
-0.716618243185 -0.628770082962
-0.55043583848 -0.0352528120727
0.380887910036 -0.450041323039
0.791397423169 -0.643921460442
0.0476684571068 -0.87189818418
0.502467726995 -0.861445942905
0.373092638226 -0.981907150229
0.232264202146 0.31647363049
-0.790655772882 -0.522209872814
0.52623001751 0.0328656376266
-0.888321299501 0.481971340877
-0.114717513275 0.438161288568
1.01366197414 -0.206044865955
0.9284524785 -0.414081915862
0.277078677022 0.344150833419
-0.226678741716 0.617070342554
-0.46112738355 -0.242949940054
-0.368852815497 0.152260723399
0.276030496892 -0.701130147729
-0.682544041888 -0.553812869285
0.177273610048 -0.97965922646
0.364588778698 0.9285815375
0.276078415702 0.977023289998
-0.491009663925 0.016347761253
0.601080642485 -0.200222106043
-0.510685053588 0.126380777384
0.241346106047 0.271697544909
-0.239399116854 0.280994052014
-0.271277972736 -0.651342275453
0.390275579563 -0.954264963576
0.360177507163 -0.930387980135
0.253860048466 0.948594102253
0.44598457263 0.684696499804
-0.308974892914 0.232607534379
0.449004045993 -0.935509013544
-0.228019063556 -0.403376937326
-1.03017729818 0.274672567082
-0.67386219433 -0.851190199175
-0.337644103275 -0.898619917523
0.263850834334 -0.37727664826
-0.157301413283 -0.501581924698
0.700109133543 0.769931652501
0.592910737653 0.302750841249
-0.650766436133 -0.383473739745
-0.552876813896 0.109203552061
1.06557636717 0.277437487887
0.300907208078 0.443842886545
-0.022602926638 -0.589198274947
-0.00630120633974 0.415958151765
0.773205105331 -0.133766259004
0.497211401481 -0.316380192744
0.464498553287 -0.226625743342
0.4563959662 0.0750627815539
0.239431247402 0.425748373934
0.00100688653361 -0.894710228822
0.249335035897 -0.234091156223
0.76319139325 0.577323346584
-0.385894385839 -0.861333756146
-0.580540506301 -0.86616949261
-1.11145831264 0.286338819972
-0.408459365861 0.993428497217
0.369503578177 0.924094538813
-0.384030578281 0.0930819072839
-0.563936086237 -0.221052907252
0.596693934999 0.264990978332
-0.50397427508 -0.816298027022
0.0937197750633 -0.559111233423
0.20822446858 1.12782102998
0.535044452184 0.259549365296
0.122782856127 0.822123378113
0.0564391924031 -0.570771815627
0.209352048158 -0.274954770286
0.454482941622 0.967744947594
-0.012590043102 0.914398528254
0.491046900436 0.820396005867
0.320633945493 -0.305104778882
0.202053198091 0.490627315076
-0.167628281254 0.92445423861
-0.828196312477 0.685764004305
0.97676646124 0.280316137161
0.380460244044 0.1246768826
-0.461420477926 0.988612132114
0.515089944652 -0.710972960178
1.17402312329 0.26181709346
-0.657585237859 0.187074784653
0.359512121145 -0.217700503303
-0.350351962172 0.238213971277
0.219095667763 0.64300433385
-0.788592589583 0.397706670362
-0.354981125637 0.0187148495873
-0.0286811569897 0.968765534999
-0.971324349184 -0.514950974914
0.575655706573 -0.0188070085699
0.444992083715 0.450983716532
0.870207221636 -0.237790490322
0.115823714135 0.713380907743
-0.797061736823 0.706563467614
0.837813689466 0.54851342906
0.309298274774 0.15949084997
-0.225077820984 -0.981835475937
-0.0337853498216 0.443535773022
0.281739936267 -0.465919478017
0.348504448664 -0.452469700015
0.288326346692 -0.457983930078
0.418674161889 0.405572921719
0.71407579368 -0.762894914091
-0.299059253001 -0.343544857546
0.281953672354 -0.581105597823
0.450588423579 -0.826318857569
-0.474032108209 -0.2509954924
-0.0974077019313 0.949386504932
-0.384667822113 0.251504212379
0.439363419 -0.354475538051
0.277548756972 -0.32414837891
0.973306581761 -0.301778064297
0.761950125347 -0.382860344568
-0.300082177362 0.278328668218
0.36453699257 -0.118292222729
-0.311841887967 1.03446069569
-0.195529074867 0.431809120095
-0.075867028228 0.513598505695
0.993437528043 0.627530550681
0.933225734156 0.181663569819
-0.313252366104 1.00766755909
0.44138736695 0.239014792274
0.989977258757 -0.11447971413
-0.427515847837 -0.0962460138726
0.573335928114 0.856297375002
0.128455574658 0.873362598536
0.500831223542 -0.314949850991
-0.271450013957 0.993868417205
-0.505812434854 0.640606487498
0.931275740134 0.438520280271
0.141950528742 -0.894495548708
0.0700396218768 -0.619010242714
-0.423228250081 -0.893379597076
-0.782615529982 0.736060144159
-0.693825343741 -0.760209814098
0.349871347808 0.78970703411
0.615784830117 -0.137883956495
-0.287400495411 -0.772233076483
0.051093717299 0.472964819167
0.943731074465 -0.593819093197
-0.661790084468 -0.0370923126196
0.212515530933 0.346456087332
0.0669025366254 0.680523441043
1.06500397337 0.142726014227
-0.487853282803 0.154866527938
0.466686958809 1.07449376023
0.172132847389 0.514510603712
-0.534322772333 -0.12535119888
0.859457892052 -0.379904659925
0.30158625723 0.450911308842
0.281752092216 0.380250338623
0.145091315733 -0.915327484905
-0.333212050408 0.285676550555
0.425910729328 0.888703227336
0.909380685561 -0.0556039388732
-0.212608197864 -0.404519049582
-0.353148787549 0.587760946072
-0.991680617468 0.398164980663
-0.0124327799888 1.17504189767
-0.399051261675 -0.331682414309
-0.694812906112 -0.492692563807
0.438828874703 -0.977932896208
-0.265087618199 0.324074260023
-0.789272461838 0.691016264367
-0.0532068193224 -0.337079955205
-0.435525405266 -0.567933229512
0.523685022678 0.837069246926
0.163635360684 -0.385866774631
0.613103195787 -0.98445430714
0.0714730476081 -0.601100322856
-0.821049063059 0.685386550487
-0.661478621877 -0.740824402397
-0.846778174891 -0.480834709784
-0.300803739032 -0.2506472794
-0.549304720228 -0.228444448538
-0.625094961921 0.674656218236
0.36234429915 0.131549160892
-0.697163530069 -0.0783337060159
-0.273122841585 -0.230098492668
0.991654343176 0.166625713011
-0.412201011441 0.151036300787
-0.954535206633 0.554287193076
0.447772812643 0.112080522991
1.15313272736 0.148458971827
0.361214763051 0.527862028345
-0.555856614014 0.227910102972
0.35616902392 0.457376639266
0.387412304401 0.196073345546
-0.461206066531 0.240491903364
0.476473374108 -0.153506029645
-0.374658596015 0.18499849556
-0.373849572114 0.254586539077
0.419597027993 0.199375281883
-0.0694101009445 -1.09768188727
-0.230466911644 0.999806321018
-0.476898797461 -0.282795841865
0.924539884923 0.0328781608684
0.320676326714 -0.896829951226
0.401330097749 0.597975074492
0.990628976994 -0.0861945782365
-0.0672277771325 0.592373452132
0.737128158708 1.0167646653
-1.0220935826 -0.132814507008
0.483331178528 0.966076330084
1.10891492026 0.141147296646
0.405951218193 -0.289104496431
-0.157752545267 -1.12502527599
-1.04644288948 0.100125576424
-0.761956717307 0.0848109255056
0.0244290230967 0.877875312494
0.0850677979647 0.452791540933
-1.02189968347 0.110377036493
-0.161319235696 0.536611291876
-0.834651677828 -0.0552124768255
0.369607119644 0.244328890404
-0.157073734363 -0.668294778555
-0.62934373841 0.80419188056
-0.284870259218 -0.496641788745
-0.451034488238 0.0665893492778
0.0837890353807 0.928667241287
-0.0788357744115 -0.771034980381
-0.162050551566 -1.12707736407
-0.954641775393 -0.0138346500359
0.0937394383416 0.584436597389
0.846897594709 -0.468581683826
0.368483592102 0.286146720496
-0.187292647635 0.392330703593
-0.22598303997 -0.408401837763
-0.654042174695 -0.127129032428
-0.403852757147 -0.324445506542
0.224651381447 0.494729137644
0.00713274475882 0.46918047911
-0.32302854331 -0.0555274129318
0.372947212514 -0.22626375726
-0.564432993223 0.254227306383
0.0112126171058 0.50154471346
0.657275289684 0.221818543045
-1.00477546493 0.277651046312
-0.076650184657 0.978175762278
0.701665035061 0.662361974159
0.454748605062 -0.865674700417
0.149713225024 0.3803636231
0.452697996846 -1.12822153065
-1.0054016421 0.0453419635049
0.710689591722 0.68188780915
-0.457736325465 -0.107038201978
-0.969936052025 -0.595966504558
0.528881467427 0.0791202882138
-0.57916362204 -0.0479940835234
-0.736282761793 0.637664159884
0.855377810363 0.337206522607
0.144388171298 -0.676492932269
-0.477220139404 0.824190206314
0.231642964807 0.580108070776
0.588144161877 -0.25090807142
-0.55596864305 0.267938017871
-0.928669460301 -0.288625517009
-1.04965650847 0.446150775743
-0.674776794945 0.835540940073
0.459829700105 -0.0231000895562
-0.521982717973 0.125682033405
0.384662308235 -0.438760445899
0.549216489833 0.885182748052
0.32638653655 0.238708644225
0.846801580053 0.215467442555
-0.25480459012 -0.130218005557
0.167302692424 0.462793182328
-0.518989435107 -1.03902659403
0.827280742993 -0.516615802043
0.299239621634 1.09288476026
-0.495380190799 0.642570243103
0.951119372466 -0.294412006133
-0.150709165317 -0.934429829849
0.00938669791717 -1.07104991973
0.533263117712 -0.942050395188
1.03394255897 -0.402756504121
-0.218583307609 -0.449027951085
-0.0691625529484 -0.633420328041
-0.817749903812 -0.394827323767
0.12734009857 0.478991429021
-0.534953968573 -0.0794314690846
0.713728208709 -0.656904315637
0.506153895128 0.210080792343
0.519092913105 -0.0814932909594
-0.358696973275 -0.39942782333
0.612927372694 0.768777631065
0.316054015546 0.515469947702
-0.606648422977 -0.678996831594
0.400382184327 -0.256147347518
0.518488263316 -0.0275993777661
-0.122495845172 0.443768398555
0.538568052501 0.841565714225
0.278522337573 0.249734083284
0.890147165564 0.681746355636
0.263350443492 0.271239317185
-0.102507803186 -1.00254577813
0.205580163237 0.273277686573
-0.0217760820803 1.1354415551
0.739780077533 0.541390353341
-0.0560024582418 -0.959001502494
0.864785766505 -0.312423534974
-0.884766227338 0.486813666384
0.330156853614 -0.377214516633
0.163122345289 -0.82488599815
-0.35462346904 0.0245522267836
0.319851886391 -0.918772376442
-0.678411003985 0.85261926149
-0.119271698111 0.519870334122
0.166388436113 -0.394770275798
0.449373055458 0.0140216511079
0.434678561375 0.221468026987
-0.32877218366 -0.370780944682
0.0637118663737 -0.890705882002
0.976563065265 -0.672508640401
